0.0010 1.0014
0.0020 1.0028
0.0030 1.0042
0.0040 1.0056
0.0050 1.0070
0.0060 1.0084
0.0070 1.0098
0.0080 1.0112
0.0090 1.0126
0.0100 1.0140
0.0110 1.0154
0.0120 1.0169
0.0130 1.0183
0.0140 1.0197
0.0150 1.0212
0.0160 1.0226
0.0170 1.0240
0.0180 1.0255
0.0190 1.0269
0.0200 1.0284
0.0210 1.0298
0.0220 1.0313
0.0230 1.0328
0.0240 1.0342
0.0250 1.0357
0.0260 1.0372
0.0270 1.0387
0.0280 1.0401
0.0290 1.0416
0.0300 1.0431
0.0310 1.0446
0.0320 1.0461
0.0330 1.0476
0.0340 1.0491
0.0350 1.0506
0.0360 1.0521
0.0370 1.0536
0.0380 1.0551
0.0390 1.0567
0.0400 1.0582
0.0410 1.0597
0.0420 1.0612
0.0430 1.0628
0.0440 1.0643
0.0450 1.0659
0.0460 1.0674
0.0470 1.0690
0.0480 1.0705
0.0490 1.0721
0.0500 1.0736
0.0510 1.0752
0.0520 1.0768
0.0530 1.0784
0.0540 1.0799
0.0550 1.0815
0.0560 1.0831
0.0570 1.0847
0.0580 1.0863
0.0590 1.0879
0.0600 1.0895
0.0610 1.0911
0.0620 1.0927
0.0630 1.0943
0.0640 1.0959
0.0650 1.0976
0.0660 1.0992
0.0670 1.1008
0.0680 1.1025
0.0690 1.1041
0.0700 1.1057
0.0710 1.1074
0.0720 1.1090
0.0730 1.1107
0.0740 1.1124
0.0750 1.1140
0.0760 1.1157
0.0770 1.1174
0.0780 1.1191
0.0790 1.1207
0.0800 1.1224
0.0810 1.1241
0.0820 1.1258
0.0830 1.1275
0.0840 1.1292
0.0850 1.1309
0.0860 1.1326
0.0870 1.1343
0.0880 1.1361
0.0890 1.1378
0.0900 1.1395
0.0910 1.1413
0.0920 1.1430
0.0930 1.1447
0.0940 1.1465
0.0950 1.1482
0.0960 1.1500
0.0970 1.1518
0.0980 1.1535
0.0990 1.1553
0.1000 1.1571
0.1010 1.1589
0.1020 1.1606
0.1030 1.1624
0.1040 1.1642
0.1050 1.1660
0.1060 1.1678
0.1070 1.1696
0.1080 1.1714
0.1090 1.1733
0.1100 1.1751
0.1110 1.1769
0.1120 1.1788
0.1130 1.1806
0.1140 1.1824
0.1150 1.1843
0.1160 1.1861
0.1170 1.1880
0.1180 1.1898
0.1190 1.1917
0.1200 1.1936
0.1210 1.1955
0.1220 1.1973
0.1230 1.1992
0.1240 1.2011
0.1250 1.2030
0.1260 1.2049
0.1270 1.2068
0.1280 1.2087
0.1290 1.2107
0.1300 1.2126
0.1310 1.2145
0.1320 1.2164
0.1330 1.2184
0.1340 1.2203
0.1350 1.2223
0.1360 1.2242
0.1370 1.2262
0.1380 1.2281
0.1390 1.2301
0.1400 1.2321
0.1410 1.2341
0.1420 1.2361
0.1430 1.2380
0.1440 1.2400
0.1450 1.2420
0.1460 1.2441
0.1470 1.2461
0.1480 1.2481
0.1490 1.2501
0.1500 1.2521
0.1510 1.2542
0.1520 1.2562
0.1530 1.2583
0.1540 1.2603
0.1550 1.2624
0.1560 1.2644
0.1570 1.2665
0.1580 1.2686
0.1590 1.2707
0.1600 1.2727
0.1610 1.2748
0.1620 1.2769
0.1630 1.2790
0.1640 1.2811
0.1650 1.2833
0.1660 1.2854
0.1670 1.2875
0.1680 1.2896
0.1690 1.2918
0.1700 1.2939
0.1710 1.2961
0.1720 1.2982
0.1730 1.3004
0.1740 1.3026
0.1750 1.3047
0.1760 1.3069
0.1770 1.3091
0.1780 1.3113
0.1790 1.3135
0.1800 1.3157
0.1810 1.3179
0.1820 1.3201
0.1830 1.3223
0.1840 1.3246
0.1850 1.3268
0.1860 1.3291
0.1870 1.3313
0.1880 1.3336
0.1890 1.3358
0.1900 1.3381
0.1910 1.3404
0.1920 1.3426
0.1930 1.3449
0.1940 1.3472
0.1950 1.3495
0.1960 1.3518
0.1970 1.3542
0.1980 1.3565
0.1990 1.3588
0.2000 1.3611
0.2010 1.3635
0.2020 1.3658
0.2030 1.3682
0.2040 1.3705
0.2050 1.3729
0.2060 1.3753
0.2070 1.3777
0.2080 1.3801
0.2090 1.3824
0.2100 1.3848
0.2110 1.3873
0.2120 1.3897
0.2130 1.3921
0.2140 1.3945
0.2150 1.3970
0.2160 1.3994
0.2170 1.4019
0.2180 1.4043
0.2190 1.4068
0.2200 1.4093
0.2210 1.4117
0.2220 1.4142
0.2230 1.4167
0.2240 1.4192
0.2250 1.4217
0.2260 1.4243
0.2270 1.4268
0.2280 1.4293
0.2290 1.4319
0.2300 1.4344
0.2310 1.4370
0.2320 1.4395
0.2330 1.4421
0.2340 1.4447
0.2350 1.4472
0.2360 1.4498
0.2370 1.4524
0.2380 1.4550
0.2390 1.4577
0.2400 1.4603
0.2410 1.4629
0.2420 1.4656
0.2430 1.4682
0.2440 1.4709
0.2450 1.4735
0.2460 1.4762
0.2470 1.4789
0.2480 1.4816
0.2490 1.4843
0.2500 1.4870
0.2510 1.4897
0.2520 1.4924
0.2530 1.4951
0.2540 1.4979
0.2550 1.5006
0.2560 1.5034
0.2570 1.5061
0.2580 1.5089
0.2590 1.5117
0.2600 1.5145
0.2610 1.5173
0.2620 1.5201
0.2630 1.5229
0.2640 1.5257
0.2650 1.5285
0.2660 1.5314
0.2670 1.5342
0.2680 1.5371
0.2690 1.5399
0.2700 1.5428
0.2710 1.5457
0.2720 1.5486
0.2730 1.5515
0.2740 1.5544
0.2750 1.5573
0.2760 1.5602
0.2770 1.5632
0.2780 1.5661
0.2790 1.5691
0.2800 1.5720
0.2810 1.5750
0.2820 1.5780
0.2830 1.5810
0.2840 1.5840
0.2850 1.5870
0.2860 1.5900
0.2870 1.5930
0.2880 1.5961
0.2890 1.5991
0.2900 1.6022
0.2910 1.6052
0.2920 1.6083
0.2930 1.6114
0.2940 1.6145
0.2950 1.6176
0.2960 1.6207
0.2970 1.6239
0.2980 1.6270
0.2990 1.6301
0.3000 1.6333
0.3010 1.6365
0.3020 1.6396
0.3030 1.6428
0.3040 1.6460
0.3050 1.6492
0.3060 1.6524
0.3070 1.6557
0.3080 1.6589
0.3090 1.6622
0.3100 1.6654
0.3110 1.6687
0.3120 1.6720
0.3130 1.6752
0.3140 1.6785
0.3150 1.6819
0.3160 1.6852
0.3170 1.6885
0.3180 1.6919
0.3190 1.6952
0.3200 1.6986
0.3210 1.7019
0.3220 1.7053
0.3230 1.7087
0.3240 1.7121
0.3250 1.7156
0.3260 1.7190
0.3270 1.7224
0.3280 1.7259
0.3290 1.7294
0.3300 1.7328
0.3310 1.7363
0.3320 1.7398
0.3330 1.7433
0.3340 1.7469
0.3350 1.7504
0.3360 1.7539
0.3370 1.7575
0.3380 1.7611
0.3390 1.7646
0.3400 1.7682
0.3410 1.7718
0.3420 1.7754
0.3430 1.7791
0.3440 1.7827
0.3450 1.7864
0.3460 1.7900
0.3470 1.7937
0.3480 1.7974
0.3490 1.8011
0.3500 1.8048
0.3510 1.8085
0.3520 1.8123
0.3530 1.8160
0.3540 1.8198
0.3550 1.8236
0.3560 1.8274
0.3570 1.8312
0.3580 1.8350
0.3590 1.8388
0.3600 1.8427
0.3610 1.8465
0.3620 1.8504
0.3630 1.8543
0.3640 1.8582
0.3650 1.8621
0.3660 1.8660
0.3670 1.8699
0.3680 1.8739
0.3690 1.8778
0.3700 1.8818
0.3710 1.8858
0.3720 1.8898
0.3730 1.8938
0.3740 1.8978
0.3750 1.9019
0.3760 1.9059
0.3770 1.9100
0.3780 1.9141
0.3790 1.9182
0.3800 1.9223
0.3810 1.9264
0.3820 1.9306
0.3830 1.9347
0.3840 1.9389
0.3850 1.9431
0.3860 1.9473
0.3870 1.9515
0.3880 1.9557
0.3890 1.9600
0.3900 1.9642
0.3910 1.9685
0.3920 1.9728
0.3930 1.9771
0.3940 1.9814
0.3950 1.9857
0.3960 1.9901
0.3970 1.9944
0.3980 1.9988
0.3990 2.0032
0.4000 2.0076
0.4010 2.0121
0.4020 2.0165
0.4030 2.0210
0.4040 2.0254
0.4050 2.0299
0.4060 2.0344
0.4070 2.0389
0.4080 2.0435
0.4090 2.0480
0.4100 2.0526
0.4110 2.0572
0.4120 2.0618
0.4130 2.0664
0.4140 2.0711
0.4150 2.0757
0.4160 2.0804
0.4170 2.0851
0.4180 2.0898
0.4190 2.0945
0.4200 2.0992
0.4210 2.1040
0.4220 2.1088
0.4230 2.1135
0.4240 2.1183
0.4250 2.1232
0.4260 2.1280
0.4270 2.1329
0.4280 2.1377
0.4290 2.1426
0.4300 2.1476
0.4310 2.1525
0.4320 2.1574
0.4330 2.1624
0.4340 2.1674
0.4350 2.1724
0.4360 2.1774
0.4370 2.1825
0.4380 2.1875
0.4390 2.1926
0.4400 2.1977
0.4410 2.2028
0.4420 2.2079
0.4430 2.2131
0.4440 2.2183
0.4450 2.2234
0.4460 2.2287
0.4470 2.2339
0.4480 2.2391
0.4490 2.2444
0.4500 2.2497
0.4510 2.2550
0.4520 2.2603
0.4530 2.2657
0.4540 2.2711
0.4550 2.2764
0.4560 2.2819
0.4570 2.2873
0.4580 2.2927
0.4590 2.2982
0.4600 2.3037
0.4610 2.3092
0.4620 2.3147
0.4630 2.3203
0.4640 2.3259
0.4650 2.3315
0.4660 2.3371
0.4670 2.3427
0.4680 2.3484
0.4690 2.3541
0.4700 2.3598
0.4710 2.3655
0.4720 2.3713
0.4730 2.3770
0.4740 2.3828
0.4750 2.3886
0.4760 2.3945
0.4770 2.4003
0.4780 2.4062
0.4790 2.4121
0.4800 2.4180
0.4810 2.4240
0.4820 2.4300
0.4830 2.4360
0.4840 2.4420
0.4850 2.4480
0.4860 2.4541
0.4870 2.4602
0.4880 2.4663
0.4890 2.4724
0.4900 2.4786
0.4910 2.4848
0.4920 2.4910
0.4930 2.4972
0.4940 2.5035
0.4950 2.5098
0.4960 2.5161
0.4970 2.5224
0.4980 2.5288
0.4990 2.5352
0.5000 2.5416
0.5010 2.5480
0.5020 2.5545
0.5030 2.5610
0.5040 2.5675
0.5050 2.5740
0.5060 2.5806
0.5070 2.5872
0.5080 2.5938
0.5090 2.6005
0.5100 2.6071
0.5110 2.6138
0.5120 2.6205
0.5130 2.6273
0.5140 2.6341
0.5150 2.6409
0.5160 2.6477
0.5170 2.6546
0.5180 2.6615
0.5190 2.6684
0.5200 2.6753
0.5210 2.6823
0.5220 2.6893
0.5230 2.6963
0.5240 2.7034
0.5250 2.7105
0.5260 2.7176
0.5270 2.7247
0.5280 2.7319
0.5290 2.7391
0.5300 2.7464
0.5310 2.7536
0.5320 2.7609
0.5330 2.7682
0.5340 2.7756
0.5350 2.7830
0.5360 2.7904
0.5370 2.7978
0.5380 2.8053
0.5390 2.8128
0.5400 2.8204
0.5410 2.8279
0.5420 2.8355
0.5430 2.8432
0.5440 2.8508
0.5450 2.8585
0.5460 2.8663
0.5470 2.8740
0.5480 2.8818
0.5490 2.8897
0.5500 2.8975
0.5510 2.9054
0.5520 2.9133
0.5530 2.9213
0.5540 2.9293
0.5550 2.9373
0.5560 2.9454
0.5570 2.9535
0.5580 2.9616
0.5590 2.9698
0.5600 2.9780
0.5610 2.9862
0.5620 2.9945
0.5630 3.0028
0.5640 3.0111
0.5650 3.0195
0.5660 3.0279
0.5670 3.0364
0.5680 3.0449
0.5690 3.0534
0.5700 3.0619
0.5710 3.0705
0.5720 3.0792
0.5730 3.0878
0.5740 3.0965
0.5750 3.1053
0.5760 3.1141
0.5770 3.1229
0.5780 3.1318
0.5790 3.1407
0.5800 3.1496
0.5810 3.1586
0.5820 3.1676
0.5830 3.1766
0.5840 3.1857
0.5850 3.1949
0.5860 3.2040
0.5870 3.2133
0.5880 3.2225
0.5890 3.2318
0.5900 3.2412
0.5910 3.2505
0.5920 3.2600
0.5930 3.2694
0.5940 3.2789
0.5950 3.2885
0.5960 3.2981
0.5970 3.3077
0.5980 3.3174
0.5990 3.3271
0.6000 3.3368
0.6010 3.3466
0.6020 3.3565
0.6030 3.3664
0.6040 3.3763
0.6050 3.3863
0.6060 3.3963
0.6070 3.4064
0.6080 3.4165
0.6090 3.4267
0.6100 3.4369
0.6110 3.4472
0.6120 3.4575
0.6130 3.4678
0.6140 3.4782
0.6150 3.4887
0.6160 3.4992
0.6170 3.5097
0.6180 3.5203
0.6190 3.5309
0.6200 3.5416
0.6210 3.5523
0.6220 3.5631
0.6230 3.5740
0.6240 3.5848
0.6250 3.5958
0.6260 3.6068
0.6270 3.6178
0.6280 3.6289
0.6290 3.6400
0.6300 3.6512
0.6310 3.6625
0.6320 3.6738
0.6330 3.6851
0.6340 3.6965
0.6350 3.7080
0.6360 3.7195
0.6370 3.7310
0.6380 3.7426
0.6390 3.7543
0.6400 3.7660
0.6410 3.7778
0.6420 3.7896
0.6430 3.8015
0.6440 3.8135
0.6450 3.8255
0.6460 3.8375
0.6470 3.8497
0.6480 3.8618
0.6490 3.8741
0.6500 3.8864
0.6510 3.8987
0.6520 3.9111
0.6530 3.9236
0.6540 3.9361
0.6550 3.9487
0.6560 3.9614
0.6570 3.9741
0.6580 3.9868
0.6590 3.9997
0.6600 4.0126
0.6610 4.0255
0.6620 4.0385
0.6630 4.0516
0.6640 4.0648
0.6650 4.0780
0.6660 4.0913
0.6670 4.1046
0.6680 4.1180
0.6690 4.1315
0.6700 4.1450
0.6710 4.1586
0.6720 4.1723
0.6730 4.1860
0.6740 4.1998
0.6750 4.2137
0.6760 4.2276
0.6770 4.2416
0.6780 4.2557
0.6790 4.2699
0.6800 4.2841
0.6810 4.2984
0.6820 4.3127
0.6830 4.3272
0.6840 4.3417
0.6850 4.3562
0.6860 4.3709
0.6870 4.3856
0.6880 4.4004
0.6890 4.4153
0.6900 4.4302
0.6910 4.4452
0.6920 4.4603
0.6930 4.4755
0.6940 4.4907
0.6950 4.5060
0.6960 4.5214
0.6970 4.5369
0.6980 4.5525
0.6990 4.5681
0.7000 4.5838
0.7010 4.5996
0.7020 4.6155
0.7030 4.6314
0.7040 4.6475
0.7050 4.6636
0.7060 4.6798
0.7070 4.6961
0.7080 4.7125
0.7090 4.7289
0.7100 4.7454
0.7110 4.7621
0.7120 4.7788
0.7130 4.7956
0.7140 4.8125
0.7150 4.8294
0.7160 4.8465
0.7170 4.8636
0.7180 4.8809
0.7190 4.8982
0.7200 4.9156
0.7210 4.9331
0.7220 4.9507
0.7230 4.9684
0.7240 4.9862
0.7250 5.0041
0.7260 5.0220
0.7270 5.0401
0.7280 5.0583
0.7290 5.0765
0.7300 5.0949
0.7310 5.1133
0.7320 5.1319
0.7330 5.1505
0.7340 5.1693
0.7350 5.1881
0.7360 5.2071
0.7370 5.2261
0.7380 5.2453
0.7390 5.2645
0.7400 5.2839
0.7410 5.3033
0.7420 5.3229
0.7430 5.3426
0.7440 5.3623
0.7450 5.3822
0.7460 5.4022
0.7470 5.4223
0.7480 5.4425
0.7490 5.4628
0.7500 5.4832
0.7510 5.5038
0.7520 5.5244
0.7530 5.5452
0.7540 5.5661
0.7550 5.5871
0.7560 5.6082
0.7570 5.6294
0.7580 5.6507
0.7590 5.6722
0.7600 5.6937
0.7610 5.7154
0.7620 5.7372
0.7630 5.7592
0.7640 5.7812
0.7650 5.8034
0.7660 5.8257
0.7670 5.8481
0.7680 5.8707
0.7690 5.8933
0.7700 5.9161
0.7710 5.9391
0.7720 5.9621
0.7730 5.9853
0.7740 6.0086
0.7750 6.0321
0.7760 6.0556
0.7770 6.0794
0.7780 6.1032
0.7790 6.1272
0.7800 6.1513
0.7810 6.1755
0.7820 6.1999
0.7830 6.2245
0.7840 6.2491
0.7850 6.2739
0.7860 6.2989
0.7870 6.3240
0.7880 6.3492
0.7890 6.3746
0.7900 6.4001
0.7910 6.4258
0.7920 6.4516
0.7930 6.4776
0.7940 6.5037
0.7950 6.5299
0.7960 6.5564
0.7970 6.5829
0.7980 6.6097
0.7990 6.6365
0.8000 6.6636
0.8010 6.6908
0.8020 6.7181
0.8030 6.7456
0.8040 6.7733
0.8050 6.8012
0.8060 6.8292
0.8070 6.8573
0.8080 6.8857
0.8090 6.9142
0.8100 6.9428
0.8110 6.9717
0.8120 7.0007
0.8130 7.0298
0.8140 7.0592
0.8150 7.0887
0.8160 7.1184
0.8170 7.1483
0.8180 7.1783
0.8190 7.2086
0.8200 7.2390
0.8210 7.2696
0.8220 7.3004
0.8230 7.3313
0.8240 7.3625
0.8250 7.3938
0.8260 7.4253
0.8270 7.4571
0.8280 7.4890
0.8290 7.5211
0.8300 7.5534
0.8310 7.5859
0.8320 7.6186
0.8330 7.6515
0.8340 7.6845
0.8350 7.7178
0.8360 7.7513
0.8370 7.7850
0.8380 7.8189
0.8390 7.8531
0.8400 7.8874
0.8410 7.9219
0.8420 7.9567
0.8430 7.9916
0.8440 8.0268
0.8450 8.0622
0.8460 8.0978
0.8470 8.1337
0.8480 8.1697
0.8490 8.2060
0.8500 8.2425
0.8510 8.2793
0.8520 8.3162
0.8530 8.3535
0.8540 8.3909
0.8550 8.4286
0.8560 8.4665
0.8570 8.5046
0.8580 8.5430
0.8590 8.5816
0.8600 8.6205
0.8610 8.6596
0.8620 8.6990
0.8630 8.7386
0.8640 8.7785
0.8650 8.8186
0.8660 8.8590
0.8670 8.8996
0.8680 8.9405
0.8690 8.9817
0.8700 9.0231
0.8710 9.0648
0.8720 9.1068
0.8730 9.1490
0.8740 9.1915
0.8750 9.2343
0.8760 9.2773
0.8770 9.3207
0.8780 9.3643
0.8790 9.4082
0.8800 9.4523
0.8810 9.4968
0.8820 9.5416
0.8830 9.5866
0.8840 9.6320
0.8850 9.6776
0.8860 9.7236
0.8870 9.7698
0.8880 9.8164
0.8890 9.8632
0.8900 9.9104
0.8910 9.9579
0.8920 10.0057
0.8930 10.0538
0.8940 10.1022
0.8950 10.1510
0.8960 10.2000
0.8970 10.2494
0.8980 10.2992
0.8990 10.3492
0.9000 10.3996
0.9010 10.4504
0.9020 10.5015
0.9030 10.5529
0.9040 10.6047
0.9050 10.6568
0.9060 10.7092
0.9070 10.7621
0.9080 10.8153
0.9090 10.8688
0.9100 10.9227
0.9110 10.9770
0.9120 11.0316
0.9130 11.0867
0.9140 11.1421
0.9150 11.1978
0.9160 11.2540
0.9170 11.3105
0.9180 11.3675
0.9190 11.4248
0.9200 11.4825
0.9210 11.5406
0.9220 11.5991
0.9230 11.6581
0.9240 11.7174
0.9250 11.7772
0.9260 11.8373
0.9270 11.8979
0.9280 11.9589
0.9290 12.0203
0.9300 12.0822
0.9310 12.1445
0.9320 12.2072
0.9330 12.2704
0.9340 12.3340
0.9350 12.3981
0.9360 12.4626
0.9370 12.5275
0.9380 12.5930
0.9390 12.6589
0.9400 12.7252
0.9410 12.7921
0.9420 12.8594
0.9430 12.9272
0.9440 12.9955
0.9450 13.0642
0.9460 13.1335
0.9470 13.2032
0.9480 13.2735
0.9490 13.3442
0.9500 13.4155
0.9510 13.4873
0.9520 13.5596
0.9530 13.6324
0.9540 13.7058
0.9550 13.7797
0.9560 13.8541
0.9570 13.9291
0.9580 14.0046
0.9590 14.0806
0.9600 14.1573
0.9610 14.2344
0.9620 14.3122
0.9630 14.3905
0.9640 14.4694
0.9650 14.5489
0.9660 14.6289
0.9670 14.7096
0.9680 14.7909
0.9690 14.8727
0.9700 14.9552
0.9710 15.0382
0.9720 15.1219
0.9730 15.2063
0.9740 15.2912
0.9750 15.3768
0.9760 15.4630
0.9770 15.5499
0.9780 15.6374
0.9790 15.7256
0.9800 15.8144
0.9810 15.9040
0.9820 15.9941
0.9830 16.0850
0.9840 16.1766
0.9850 16.2688
0.9860 16.3618
0.9870 16.4555
0.9880 16.5499
0.9890 16.6450
0.9900 16.7408
0.9910 16.8374
0.9920 16.9347
0.9930 17.0327
0.9940 17.1315
0.9950 17.2311
0.9960 17.3314
0.9970 17.4326
0.9980 17.5345
0.9990 17.6371
1.0000 17.7406
